20
1664735681 1 5 9999949 9999991 599996941 719996326 159999857 579999478
763526783810179646 741864 167766 7315499 3851100 922855524 89780690 441276473 271986168
81922551 759324 967048 10000000 9999999 930000001 980000000 29999998 279999972
47024811 9999991 1 9999991 9999989 729999344 309999719 789999132 309999659
1907526817 102400 15000 9699690 9748872 746877099 892374388 458197066 545936889
1783585506 9999987 1 10000000 999999 990000001 79999998 868999132 81999927
1530944270 123456 557 9988776 1025 559372110 918968142 802729910 688062000
543891101326393011 2399842 2681913 3762239 7443017 520101360 433901517 275677792 766417656
70413132 123 1 10000000 10000000 20000001 190000000 90000001 360000002
1511881142 123 1 10000000 10000000 1 850000000 360000001 470000002
1433256560 9999909 9999991 9999949 9999991 979995003 749996173 139999875 249999775
13 5 7 5 9 1 3 2 5
1708396388 999999 12347 9699690 9748872 727477719 669281518 799407527 906645153
758494663875 1 1 1 1 34857 92345 929 16730375
499587295797208700 3469541 1730417 5070929 1825598 855537260 882995491 898204830 34203727
962024073147815594 9999991 1 9999991 9999989 129999884 899999187 979998923 129999859
86974256 123456 557 9988776 1025 729181302 409540566 403985 491394225
789870595193472657 5360341 675784 8600975 754947 876155896 890899377 754304700 203276021
299896237124947938 681206 164538 2280874 981991 416793690 904023823 813682336 774801135
967137226678506093 9999987 1 10000000 999999 90000001 639999998 26999974 440999568

